24
3
400 400 400 
40 40 40 
3
400 400 400 
40 40 40 
3
400 400 400 
40 40 40 
3
400 400 400 
40 40 40 
3
400 400 400 
40 40 40 
3
400 400 400 
40 40 40 
3
400 400 400 
40 40 40 
3
400 400 400 
40 40 40 
3
625 450 450 
90 50 70 
3
400 400 400 
40 40 40 
3
400 400 400 
40 40 40 
3
400 400 400 
40 40 40 
3
400 400 400 
40 40 40 
3
400 400 400 
40 40 40 
3
400 400 400 
40 40 40 
3
400 400 400 
40 40 40 
3
400 400 400 
40 40 40 
3
400 400 400 
40 40 40 
3
400 400 400 
40 40 40 
3
400 400 400 
40 40 40 
3
400 400 400 
40 40 40 
3
400 400 400 
40 40 40 
3
400 400 400 
40 40 40 
3
400 400 400 
40 40 40 
